5.518161058425903320e-01,-8.325577378273010254e-01,-4.844196140766143799e-02,-4.399577155709266663e-02,2.894353866577148438e-02,-9.986123442649841309e-01,-8.328045010566711426e-01,-5.531815886497497559e-01,2.065750956535339355e-02
4.453218579292297363e-01,8.953481912612915039e-01,6.331050768494606018e-03,-4.399577155709266663e-02,2.894353866577148438e-02,-9.986123442649841309e-01,8.942890167236328125e-01,-4.444253444671630859e-01,-5.228072032332420349e-02
-9.971379637718200684e-01,-6.279045343399047852e-02,4.211090877652168274e-02,-4.399577155709266663e-02,2.894353866577148438e-02,-9.986123442649841309e-01,-6.148449704051017761e-02,9.976069331169128418e-01,3.162321448326110840e-02
-2.887381315231323242e-01,-7.870238423347473145e-01,5.451823472976684570e-01,-5.389921739697456360e-02,-5.551702976226806641e-01,-8.299884200096130371e-01,-9.558897018432617188e-01,2.690342068672180176e-01,-1.178788766264915466e-01
9.721938371658325195e-01,1.605214476585388184e-01,-1.705050766468048096e-01,-5.389921739697456360e-02,-5.551702976226806641e-01,-8.299884200096130371e-01,2.278903126716613770e-01,-8.160997033119201660e-01,5.310811996459960938e-01
-6.834557652473449707e-01,6.265023946762084961e-01,-3.746772706508636475e-01,-5.389921739697456360e-02,-5.551702976226806641e-01,-8.299884200096130371e-01,7.279993891716003418e-01,5.470655560493469238e-01,-4.132023155689239502e-01
-2.019586861133575439e-01,8.632383942604064941e-01,-4.626361131668090820e-01,2.627562284469604492e-01,5.028089284896850586e-01,8.234940171241760254e-01,-9.434891939163208008e-01,-4.475124925374984741e-02,3.283678889274597168e-01
9.180649518966674805e-01,-3.928634822368621826e-01,-5.305687338113784790e-02,2.627562284469604492e-01,5.028089284896850586e-01,8.234940171241760254e-01,2.968432605266571045e-01,7.699619531631469727e-01,-5.648385882377624512e-01
-7.161062955856323242e-01,-4.703749120235443115e-01,5.156930088996887207e-01,2.627562284469604492e-01,5.028089284896850586e-01,8.234940171241760254e-01,6.466459631919860840e-01,-7.252107262611389160e-01,2.364706993103027344e-01
3.735932111740112305e-01,-9.232445359230041504e-01,-8.970863372087478638e-02,-3.651766180992126465e-01,-5.748604238033294678e-02,-9.291616678237915039e-01,-8.526864647865295410e-01,-3.798879683017730713e-01,3.586237132549285889e-01
5.516515374183654785e-01,7.906149029731750488e-01,-2.657229304313659668e-01,-3.651766180992126465e-01,-5.748604238033294678e-02,-9.291616678237915039e-01,7.498844265937805176e-01,-6.096092462539672852e-01,-2.570018172264099121e-01
-9.252447485923767090e-01,1.326296329498291016e-01,3.554315567016601562e-01,-3.651766180992126465e-01,-5.748604238033294678e-02,-9.291616678237915039e-01,1.028020083904266357e-01,9.894971847534179688e-01,-1.016218885779380798e-01
2.669577114284038544e-02,9.974372982978820801e-01,6.637875735759735107e-02,2.865262329578399658e-01,5.598141998052597046e-02,-9.564354419708251953e-01,9.577003717422485352e-01,-4.455203935503959656e-02,2.842974960803985596e-01
-8.427407741546630859e-01,-4.601354598999023438e-01,-2.793982326984405518e-01,2.865262329578399658e-01,5.598141998052597046e-02,-9.564354419708251953e-01,-4.557310044765472412e-01,8.860820531845092773e-01,-8.466306328773498535e-02
8.160449862480163574e-01,-5.373018383979797363e-01,2.130194902420043945e-01,2.865262329578399658e-01,5.598141998052597046e-02,-9.564354419708251953e-01,-5.019693970680236816e-01,-8.415300250053405762e-01,-1.996344327926635742e-01
